0.000000000000000 1.000000000000000 1.000000000000000 0.000000000000000
0.001001001001001 1.003007516533439 1.003007516533422 0.000000000000016
0.002002002002002 1.006024078222576 1.006024078222486 0.000000000000090
0.003003003003003 1.009049712270868 1.009049712270861 0.000000000000007
0.004004004004004 1.012084445963584 1.012084445963560 0.000000000000024
0.005005005005005 1.015128306668056 1.015128306668231 0.000000000000175
0.006006006006006 1.018181321833922 1.018181321833980 0.000000000000058
0.007007007007007 1.021243518993375 1.021243518993158 0.000000000000218
0.008008008008008 1.024314925761415 1.024314925761298 0.000000000000117
0.009009009009009 1.027395569836090 1.027395569836092 0.000000000000002
0.010010010010010 1.030485478998754 1.030485478998873 0.000000000000119
0.011011011011011 1.033584681114311 1.033584681114255 0.000000000000056
0.012012012012012 1.036693204131471 1.036693204131391 0.000000000000080
0.013013013013013 1.039811076083000 1.039811076082813 0.000000000000187
0.014014014014014 1.042938325085973 1.042938325086104 0.000000000000131
0.015015015015015 1.046074979342025 1.046074979342177 0.000000000000152
0.016016016016016 1.049221067137613 1.049221067137277 0.000000000000336
0.017017017017017 1.052376616844262 1.052376616843742 0.000000000000520
0.018018018018018 1.055541656918825 1.055541656918222 0.000000000000603
0.019019019019019 1.058716215903742 1.058716215903810 0.000000000000069
0.020020020020020 1.061900322427292 1.061900322427684 0.000000000000392
0.021021021021021 1.065094005203856 1.065094005203444 0.000000000000411
0.022022022022022 1.068297293034173 1.068297293033942 0.000000000000230
0.023023023023023 1.071510214805600 1.071510214805422 0.000000000000179
0.024024024024024 1.074732799492377 1.074732799492236 0.000000000000141
0.025025025025025 1.077965076155879 1.077965076155853 0.000000000000026
0.026026026026026 1.081207073944887 1.081207073944673 0.000000000000214
0.027027027027027 1.084458822095847 1.084458822095556 0.000000000000291
0.028028028028028 1.087720349933134 1.087720349933108 0.000000000000026
0.029029029029029 1.090991686869315 1.090991686869528 0.000000000000213
0.030030030030030 1.094272862405419 1.094272862405778 0.000000000000359
0.031031031031031 1.097563906131196 1.097563906130947 0.000000000000250
0.032032032032032 1.100864847725392 1.100864847725241 0.000000000000151
0.033033033033033 1.104175716956007 1.104175716956215 0.000000000000207
0.034034034034034 1.107496543680574 1.107496543680649 0.000000000000075
0.035035035035035 1.110827357846419 1.110827357846541 0.000000000000122
0.036036036036036 1.114168189490938 1.114168189490596 0.000000000000342
0.037037037037037 1.117519068741864 1.117519068741895 0.000000000000032
0.038038038038038 1.120880025817538 1.120880025817526 0.000000000000012
0.039039039039039 1.124251091027185 1.124251091027125 0.000000000000060
0.040040040040040 1.127632294771186 1.127632294771407 0.000000000000221
0.041041041041041 1.131023667541349 1.131023667541267 0.000000000000083
0.042042042042042 1.134425239921190 1.134425239921270 0.000000000000079
0.043043043043043 1.137837042586204 1.137837042586169 0.000000000000035
0.044044044044044 1.141259106304141 1.141259106304193 0.000000000000053
0.045045045045045 1.144691461935288 1.144691461935299 0.000000000000012
0.046046046046046 1.148134140432744 1.148134140432809 0.000000000000065
0.047047047047047 1.151587172842701 1.151587172842657 0.000000000000044
0.048048048048048 1.155050590304721 1.155050590304636 0.000000000000085
0.049049049049049 1.158524424052021 1.158524424052024 0.000000000000004
0.050050050050050 1.162008705411750 1.162008705411776 0.000000000000027
0.051051051051051 1.165503465805275 1.165503465805278 0.000000000000003
0.052052052052052 1.169008736748465 1.169008736748444 0.000000000000021
0.053053053053053 1.172524549851970 1.172524549851941 0.000000000000028
0.054054054054054 1.176050936821512 1.176050936821527 0.000000000000014
0.055055055055055 1.179587929458169 1.179587929458190 0.000000000000021
0.056056056056056 1.183135559658659 1.183135559658579 0.000000000000080
0.057057057057057 1.186693859415632 1.186693859415689 0.000000000000057
0.058058058058058 1.190262860817954 1.190262860817953 0.000000000000001
0.059059059059059 1.193842596051002 1.193842596051031 0.000000000000028
0.060060060060060 1.197433097396949 1.197433097396953 0.000000000000004
0.061061061061061 1.201034397235057 1.201034397235051 0.000000000000006
0.062062062062062 1.204646528041970 1.204646528041979 0.000000000000009
0.063063063063063 1.208269522392005 1.208269522392004 0.000000000000002
0.064064064064064 1.211903412957450 1.211903412957443 0.000000000000007
0.065065065065065 1.215548232508850 1.215548232508854 0.000000000000004
0.066066066066066 1.219204013915312 1.219204013915312 0.000000000000000
0.067067067067067 1.222870790144797 1.222870790144796 0.000000000000001
0.068068068068068 1.226548594264417 1.226548594264415 0.000000000000002
0.069069069069069 1.230237459440733 1.230237459440737 0.000000000000004
0.070070070070070 1.233937418940057 1.233937418940053 0.000000000000004
0.071071071071071 1.237648506128747 1.237648506128729 0.000000000000018
0.072072072072072 1.241370754473515 1.241370754473510 0.000000000000005
0.073073073073073 1.245104197541722 1.245104197541724 0.000000000000002
0.074074074074074 1.248848869001682 1.248848869001679 0.000000000000004
0.075075075075075 1.252604802622971 1.252604802622963 0.000000000000007
0.076076076076076 1.256372032276724 1.256372032276694 0.000000000000031
0.077077077077077 1.260150591935946 1.260150591935938 0.000000000000008
0.078078078078078 1.263940515675816 1.263940515675811 0.000000000000005
0.079079079079079 1.267741837673994 1.267741837673991 0.000000000000003
0.080080080080080 1.271554592210931 1.271554592210903 0.000000000000028
0.081081081081081 1.275378813670175 1.275378813670184 0.000000000000009
0.082082082082082 1.279214536538685 1.279214536538675 0.000000000000010
0.083083083083083 1.283061795407140 1.283061795407134 0.000000000000006
0.084084084084084 1.286920624970251 1.286920624970262 0.000000000000011
0.085085085085085 1.290791060027072 1.290791060027045 0.000000000000027
0.086086086086086 1.294673135481318 1.294673135481320 0.000000000000002
0.087087087087087 1.298566886341677 1.298566886341692 0.000000000000015
0.088088088088088 1.302472347722126 1.302472347722122 0.000000000000003
0.089089089089089 1.306389554842247 1.306389554842271 0.000000000000024
0.090090090090090 1.310318543027546 1.310318543027515 0.000000000000031
0.091091091091091 1.314259347709773 1.314259347709793 0.000000000000021
0.092092092092092 1.318212004427236 1.318212004427216 0.000000000000020
0.093093093093093 1.322176548825128 1.322176548825144 0.000000000000016
0.094094094094094 1.326153016655845 1.326153016655862 0.000000000000017
0.095095095095095 1.330141443779307 1.330141443779281 0.000000000000026
0.096096096096096 1.334141866163285 1.334141866163284 0.000000000000001
0.097097097097097 1.338154319883724 1.338154319883721 0.000000000000003
0.098098098098098 1.342178841125066 1.342178841125053 0.000000000000014
0.099099099099099 1.346215466180581 1.346215466180595 0.000000000000013
0.100100100100100 1.350264231452690 1.350264231452672 0.000000000000018
0.101101101101101 1.354325173453295 1.354325173453294 0.000000000000002
0.102102102102102 1.358398328804108 1.358398328804104 0.000000000000004
0.103103103103103 1.362483734236982 1.362483734236980 0.000000000000002
0.104104104104104 1.366581426594241 1.366581426594250 0.000000000000010
0.105105105105105 1.370691442829013 1.370691442828990 0.000000000000023
0.106106106106106 1.374813820005564 1.374813820005560 0.000000000000004
0.107107107107107 1.378948595299631 1.378948595299635 0.000000000000004
0.108108108108108 1.383095805998757 1.383095805998772 0.000000000000016
0.109109109109109 1.387255489502627 1.387255489502627 0.000000000000001
0.110110110110110 1.391427683323410 1.391427683323415 0.000000000000005
0.111111111111111 1.395612425086090 1.395612425086078 0.000000000000012
0.112112112112112 1.399809752528808 1.399809752528808 0.000000000000000
0.113113113113113 1.404019703503207 1.404019703503217 0.000000000000010
0.114114114114114 1.408242315974767 1.408242315974753 0.000000000000014
0.115115115115115 1.412477628023149 1.412477628023136 0.000000000000013
0.116116116116116 1.416725677842541 1.416725677842541 0.000000000000000
0.117117117117117 1.420986503741999 1.420986503741999 0.000000000000000
0.118118118118118 1.425260144145797 1.425260144145800 0.000000000000003
0.119119119119119 1.429546637593766 1.429546637593780 0.000000000000014
0.120120120120120 1.433846022741651 1.433846022741645 0.000000000000006
0.121121121121121 1.438158338361452 1.438158338361445 0.000000000000007
0.122122122122122 1.442483623341776 1.442483623341783 0.000000000000007
0.123123123123123 1.446821916688191 1.446821916688191 0.000000000000001
0.124124124124124 1.451173257523573 1.451173257523580 0.000000000000007
0.125125125125125 1.455537685088459 1.455537685088455 0.000000000000004
0.126126126126126 1.459915238741405 1.459915238741407 0.000000000000002
0.127127127127127 1.464305957959339 1.464305957959340 0.000000000000001
0.128128128128128 1.468709882337914 1.468709882337913 0.000000000000001
0.129129129129129 1.473127051591870 1.473127051591870 0.000000000000000
0.130130130130130 1.477557505555389 1.477557505555388 0.000000000000001
0.131131131131131 1.482001284182453 1.482001284182453 0.000000000000000
0.132132132132132 1.486458427547209 1.486458427547207 0.000000000000002
0.133133133133133 1.490928975844326 1.490928975844325 0.000000000000001
0.134134134134134 1.495412969389361 1.495412969389361 0.000000000000001
0.135135135135135 1.499910448619118 1.499910448619118 0.000000000000000
0.136136136136136 1.504421454092017 1.504421454092014 0.000000000000004
0.137137137137137 1.508946026488459 1.508946026488459 0.000000000000001
0.138138138138138 1.513484206611189 1.513484206611186 0.000000000000003
0.139139139139139 1.518036035385671 1.518036035385666 0.000000000000004
0.140140140140140 1.522601553860449 1.522601553860449 0.000000000000000
0.141141141141141 1.527180803207524 1.527180803207522 0.000000000000002
0.142142142142142 1.531773824722720 1.531773824722719 0.000000000000002
0.143143143143143 1.536380659826062 1.536380659826057 0.000000000000005
0.144144144144144 1.541001350062145 1.541001350062141 0.000000000000004
0.145145145145145 1.545635937100508 1.545635937100509 0.000000000000001
0.146146146146146 1.550284462736014 1.550284462736011 0.000000000000003
0.147147147147147 1.554946968889226 1.554946968889219 0.000000000000007
0.148148148148148 1.559623497606781 1.559623497606773 0.000000000000008
0.149149149149149 1.564314091061773 1.564314091061763 0.000000000000010
0.150150150150150 1.569018791554132 1.569018791554129 0.000000000000003
0.151151151151151 1.573737641511007 1.573737641511002 0.000000000000005
0.152152152152152 1.578470683487146 1.578470683487141 0.000000000000005
0.153153153153153 1.583217960165282 1.583217960165276 0.000000000000006
0.154154154154154 1.587979514356516 1.587979514356515 0.000000000000001
0.155155155155155 1.592755389000705 1.592755389000697 0.000000000000008
0.156156156156156 1.597545627166848 1.597545627166845 0.000000000000003
0.157157157157157 1.602350272053475 1.602350272053471 0.000000000000004
0.158158158158158 1.607169366989035 1.607169366989027 0.000000000000009
0.159159159159159 1.612002955432291 1.612002955432289 0.000000000000002
0.160160160160160 1.616851080972706 1.616851080972708 0.000000000000002
0.161161161161161 1.621713787330839 1.621713787330836 0.000000000000004
0.162162162162162 1.626591118358742 1.626591118358746 0.000000000000004
0.163163163163163 1.631483118040351 1.631483118040338 0.000000000000013
0.164164164164164 1.636389830491883 1.636389830491880 0.000000000000003
0.165165165165165 1.641311299962238 1.641311299962230 0.000000000000008
0.166166166166166 1.646247570833394 1.646247570833389 0.000000000000005
0.167167167167167 1.651198687620809 1.651198687620810 0.000000000000002
0.168168168168168 1.656164694973821 1.656164694973815 0.000000000000006
0.169169169169169 1.661145637676052 1.661145637676049 0.000000000000003
0.170170170170170 1.666141560645812 1.666141560645813 0.000000000000001
0.171171171171171 1.671152508936504 1.671152508936495 0.000000000000009
0.172172172172172 1.676178527737028 1.676178527737032 0.000000000000004
0.173173173173173 1.681219662372192 1.681219662372188 0.000000000000004
0.174174174174174 1.686275958303118 1.686275958303114 0.000000000000004
0.175175175175175 1.691347461127655 1.691347461127653 0.000000000000002
0.176176176176176 1.696434216580786 1.696434216580784 0.000000000000002
0.177177177177177 1.701536270535043 1.701536270535044 0.000000000000000
0.178178178178178 1.706653669000923 1.706653669000924 0.000000000000001
0.179179179179179 1.711786458127297 1.711786458127297 0.000000000000000
0.180180180180180 1.716934684201831 1.716934684201832 0.000000000000001
0.181181181181181 1.722098393651402 1.722098393651400 0.000000000000002
0.182182182182182 1.727277633042517 1.727277633042515 0.000000000000002
0.183183183183183 1.732472449081731 1.732472449081728 0.000000000000003
0.184184184184184 1.737682888616072 1.737682888616068 0.000000000000003
0.185185185185185 1.742908998633458 1.742908998633461 0.000000000000003
0.186186186186186 1.748150826263127 1.748150826263124 0.000000000000003
0.187187187187187 1.753408418776058 1.753408418776059 0.000000000000001
0.188188188188188 1.758681823585397 1.758681823585396 0.000000000000001
0.189189189189189 1.763971088246888 1.763971088246886 0.000000000000002
0.190190190190190 1.769276260459299 1.769276260459302 0.000000000000003
0.191191191191191 1.774597388064850 1.774597388064848 0.000000000000002
0.192192192192192 1.779934519049652 1.779934519049652 0.000000000000000
0.193193193193193 1.785287701544132 1.785287701544129 0.000000000000003
0.194194194194194 1.790656983823471 1.790656983823468 0.000000000000003
0.195195195195195 1.796042414308038 1.796042414308039 0.000000000000002
0.196196196196196 1.801444041563826 1.801444041563824 0.000000000000002
0.197197197197197 1.806861914302894 1.806861914302894 0.000000000000000
0.198198198198198 1.812296081383800 1.812296081383800 0.000000000000000
0.199199199199199 1.817746591812048 1.817746591812048 0.000000000000000
0.200200200200200 1.823213494740525 1.823213494740523 0.000000000000001
0.201201201201201 1.828696839469945 1.828696839469943 0.000000000000002
0.202202202202202 1.834196675449298 1.834196675449298 0.000000000000000
0.203203203203203 1.839713052276290 1.839713052276290 0.000000000000000
0.204204204204204 1.845246019697794 1.845246019697793 0.000000000000001
0.205205205205205 1.850795627610297 1.850795627610294 0.000000000000003
0.206206206206206 1.856361926060351 1.856361926060349 0.000000000000002
0.207207207207207 1.861944965245023 1.861944965245023 0.000000000000000
0.208208208208208 1.867544795512351 1.867544795512351 0.000000000000000
0.209209209209209 1.873161467361791 1.873161467361790 0.000000000000000
0.210210210210210 1.878795031444682 1.878795031444681 0.000000000000001
0.211211211211211 1.884445538564694 1.884445538564693 0.000000000000001
0.212212212212212 1.890113039678292 1.890113039678290 0.000000000000002
0.213213213213213 1.895797585895193 1.895797585895193 0.000000000000001
0.214214214214214 1.901499228478825 1.901499228478825 0.000000000000000
0.215215215215215 1.907218018846796 1.907218018846796 0.000000000000000
0.216216216216216 1.912954008571350 1.912954008571349 0.000000000000001
0.217217217217217 1.918707249379836 1.918707249379836 0.000000000000000
0.218218218218218 1.924477793155175 1.924477793155175 0.000000000000000
0.219219219219219 1.930265691936324 1.930265691936325 0.000000000000001
0.220220220220220 1.936070997918752 1.936070997918750 0.000000000000002
0.221221221221221 1.941893763454904 1.941893763454902 0.000000000000002
0.222222222222222 1.947734041054676 1.947734041054676 0.000000000000000
0.223223223223223 1.953591883385889 1.953591883385893 0.000000000000004
0.224224224224224 1.959467343274764 1.959467343274764 0.000000000000001
0.225225225225225 1.965360473706395 1.965360473706398 0.000000000000003
0.226226226226226 1.971271327825235 1.971271327825236 0.000000000000002
0.227227227227227 1.977199958935562 1.977199958935562 0.000000000000000
0.228228228228228 1.983146420501975 1.983146420501975 0.000000000000000
0.229229229229229 1.989110766149864 1.989110766149866 0.000000000000002
0.230230230230230 1.995093049665901 1.995093049665902 0.000000000000001
0.231231231231231 2.001093324998520 2.001093324998521 0.000000000000002
0.232232232232232 2.007111646258407 2.007111646258409 0.000000000000002
0.233233233233233 2.013148067718986 2.013148067718987 0.000000000000001
0.234234234234234 2.019202643816911 2.019202643816910 0.000000000000001
0.235235235235235 2.025275429152553 2.025275429152554 0.000000000000000
0.236236236236236 2.031366478490497 2.031366478490496 0.000000000000001
0.237237237237237 2.037475846760030 2.037475846760029 0.000000000000000
0.238238238238238 2.043603589055643 2.043603589055646 0.000000000000004
0.239239239239239 2.049749760637522 2.049749760637521 0.000000000000001
0.240240240240240 2.055914416932051 2.055914416932049 0.000000000000002
0.241241241241241 2.062097613532309 2.062097613532311 0.000000000000002
0.242242242242242 2.068299406198572 2.068299406198574 0.000000000000002
0.243243243243243 2.074519850858815 2.074519850858815 0.000000000000000
0.244244244244244 2.080759003609220 2.080759003609221 0.000000000000001
0.245245245245245 2.087016920714676 2.087016920714676 0.000000000000000
0.246246246246246 2.093293658609292 2.093293658609291 0.000000000000000
0.247247247247247 2.099589273896902 2.099589273896902 0.000000000000000
0.248248248248248 2.105903823351577 2.105903823351578 0.000000000000001
0.249249249249249 2.112237363918138 2.112237363918137 0.000000000000000
0.250250250250250 2.118589952712669 2.118589952712668 0.000000000000000
0.251251251251251 2.124961647023029 2.124961647023029 0.000000000000000
0.252252252252252 2.131352504309374 2.131352504309373 0.000000000000001
0.253253253253253 2.137762582204670 2.137762582204671 0.000000000000000
0.254254254254254 2.144191938515217 2.144191938515216 0.000000000000001
0.255255255255255 2.150640631221168 2.150640631221168 0.000000000000000
0.256256256256256 2.157108718477050 2.157108718477051 0.000000000000000
0.257257257257257 2.163596258612294 2.163596258612294 0.000000000000000
0.258258258258258 2.170103310131757 2.170103310131758 0.000000000000001
0.259259259259259 2.176629931716248 2.176629931716247 0.000000000000001
0.260260260260260 2.183176182223062 2.183176182223062 0.000000000000001
0.261261261261261 2.189742120686507 2.189742120686507 0.000000000000000
0.262262262262262 2.196327806318439 2.196327806318438 0.000000000000000
0.263263263263263 2.202933298508793 2.202933298508793 0.000000000000000
0.264264264264264 2.209558656826121 2.209558656826121 0.000000000000000
0.265265265265265 2.216203941018128 2.216203941018128 0.000000000000000
0.266266266266266 2.222869211012211 2.222869211012211 0.000000000000000
0.267267267267267 2.229554526916003 2.229554526916000 0.000000000000003
0.268268268268268 2.236259949017906 2.236259949017905 0.000000000000001
0.269269269269269 2.242985537787643 2.242985537787642 0.000000000000001
0.270270270270270 2.249731353876804 2.249731353876803 0.000000000000000
0.271271271271271 2.256497458119383 2.256497458119382 0.000000000000001
0.272272272272272 2.263283911532340 2.263283911532338 0.000000000000001
0.273273273273273 2.270090775316139 2.270090775316140 0.000000000000001
0.274274274274274 2.276918110855308 2.276918110855307 0.000000000000001
0.275275275275275 2.283765979718992 2.283765979718991 0.000000000000001
0.276276276276276 2.290634443661501 2.290634443661501 0.000000000000000
0.277277277277277 2.297523564622877 2.297523564622877 0.000000000000000
0.278278278278278 2.304433404729445 2.304433404729445 0.000000000000000
0.279279279279279 2.311364026294378 2.311364026294375 0.000000000000002
0.280280280280280 2.318315491818253 2.318315491818252 0.000000000000002
0.281281281281281 2.325287863989623 2.325287863989623 0.000000000000000
0.282282282282282 2.332281205685577 2.332281205685575 0.000000000000001
0.283283283283283 2.339295579972304 2.339295579972304 0.000000000000000
0.284284284284284 2.346331050105670 2.346331050105667 0.000000000000003
0.285285285285285 2.353387679531784 2.353387679531781 0.000000000000004
0.286286286286286 2.360465531887566 2.360465531887565 0.000000000000001
0.287287287287287 2.367564671001331 2.367564671001330 0.000000000000001
0.288288288288288 2.374685160893352 2.374685160893351 0.000000000000001
0.289289289289289 2.381827065776450 2.381827065776447 0.000000000000003
0.290290290290290 2.388990450056565 2.388990450056562 0.000000000000003
0.291291291291291 2.396175378333337 2.396175378333336 0.000000000000000
0.292292292292292 2.403381915400693 2.403381915400692 0.000000000000001
0.293293293293293 2.410610126247428 2.410610126247428 0.000000000000000
0.294294294294294 2.417860076057791 2.417860076057788 0.000000000000004
0.295295295295295 2.425131830212077 2.425131830212076 0.000000000000001
0.296296296296296 2.432425454287208 2.432425454287207 0.000000000000000
0.297297297297297 2.439741014057334 2.439741014057333 0.000000000000001
0.298298298298298 2.447078575494420 2.447078575494420 0.000000000000000
0.299299299299299 2.454438204768842 2.454438204768842 0.000000000000000
0.300300300300300 2.461819968249988 2.461819968249988 0.000000000000001
0.301301301301301 2.469223932506849 2.469223932506849 0.000000000000001
0.302302302302302 2.476650164308626 2.476650164308624 0.000000000000002
0.303303303303303 2.484098730625328 2.484098730625326 0.000000000000002
0.304304304304304 2.491569698628378 2.491569698628377 0.000000000000001
0.305305305305305 2.499063135691217 2.499063135691217 0.000000000000000
0.306306306306306 2.506579109389915 2.506579109389916 0.000000000000001
0.307307307307307 2.514117687503778 2.514117687503774 0.000000000000004
0.308308308308308 2.521678938015956 2.521678938015956 0.000000000000000
0.309309309309309 2.529262929114063 2.529262929114062 0.000000000000001
0.310310310310310 2.536869729190787 2.536869729190784 0.000000000000002
0.311311311311311 2.544499406844507 2.544499406844506 0.000000000000001
0.312312312312312 2.552152030879917 2.552152030879915 0.000000000000002
0.313313313313313 2.559827670308638 2.559827670308638 0.000000000000000
0.314314314314314 2.567526394349845 2.567526394349844 0.000000000000001
0.315315315315315 2.575248272430892 2.575248272430889 0.000000000000003
0.316316316316316 2.582993374187937 2.582993374187936 0.000000000000001
0.317317317317317 2.590761769466570 2.590761769466569 0.000000000000001
0.318318318318318 2.598553528322442 2.598553528322442 0.000000000000000
0.319319319319319 2.606368721021897 2.606368721021896 0.000000000000000
0.320320320320320 2.614207418042607 2.614207418042605 0.000000000000002
0.321321321321321 2.622069690074208 2.622069690074207 0.000000000000001
0.322322322322322 2.629955608018935 2.629955608018933 0.000000000000001
0.323323323323323 2.637865242992262 2.637865242992261 0.000000000000000
0.324324324324324 2.645798666323544 2.645798666323542 0.000000000000002
0.325325325325325 2.653755949556662 2.653755949556661 0.000000000000001
0.326326326326326 2.661737164450664 2.661737164450661 0.000000000000004
0.327327327327327 2.669742382980418 2.669742382980416 0.000000000000002
0.328328328328328 2.677771677337253 2.677771677337253 0.000000000000000
0.329329329329329 2.685825119929619 2.685825119929618 0.000000000000001
0.330330330330330 2.693902783383732 2.693902783383732 0.000000000000000
0.331331331331331 2.702004740544235 2.702004740544234 0.000000000000001
0.332332332332332 2.710131064474851 2.710131064474850 0.000000000000002
0.333333333333333 2.718281828459045 2.718281828459045 0.000000000000000
0.334334334334334 2.726457106000682 2.726457106000680 0.000000000000002
0.335335335335335 2.734656970824690 2.734656970824690 0.000000000000000
0.336336336336336 2.742881496877729 2.742881496877729 0.000000000000000
0.337337337337337 2.751130758328851 2.751130758328850 0.000000000000001
0.338338338338338 2.759404829570177 2.759404829570175 0.000000000000001
0.339339339339339 2.767703785217559 2.767703785217559 0.000000000000000
0.340340340340340 2.776027700111262 2.776027700111262 0.000000000000000
0.341341341341341 2.784376649316631 2.784376649316632 0.000000000000001
0.342342342342342 2.792750708124770 2.792750708124770 0.000000000000000
0.343343343343343 2.801149952053228 2.801149952053230 0.000000000000001
0.344344344344344 2.809574456846669 2.809574456846669 0.000000000000001
0.345345345345345 2.818024298477563 2.818024298477561 0.000000000000001
0.346346346346346 2.826499553146866 2.826499553146866 0.000000000000000
0.347347347347347 2.835000297284711 2.835000297284712 0.000000000000000
0.348348348348348 2.843526607551099 2.843526607551099 0.000000000000000
0.349349349349349 2.852078560836582 2.852078560836581 0.000000000000001
0.350350350350350 2.860656234262964 2.860656234262964 0.000000000000000
0.351351351351351 2.869259705183994 2.869259705183994 0.000000000000000
0.352352352352352 2.877889051186064 2.877889051186064 0.000000000000000
0.353353353353353 2.886544350088908 2.886544350088909 0.000000000000001
0.354354354354354 2.895225679946304 2.895225679946304 0.000000000000000
0.355355355355355 2.903933119046779 2.903933119046779 0.000000000000000
0.356356356356356 2.912666745914312 2.912666745914313 0.000000000000000
0.357357357357357 2.921426639309046 2.921426639309046 0.000000000000000
0.358358358358358 2.930212878227996 2.930212878227997 0.000000000000001
0.359359359359359 2.939025541905762 2.939025541905762 0.000000000000000
0.360360360360360 2.947864709815242 2.947864709815241 0.000000000000001
0.361361361361361 2.956730461668352 2.956730461668351 0.000000000000000
0.362362362362362 2.965622877416740 2.965622877416741 0.000000000000000
0.363363363363363 2.974542037252515 2.974542037252515 0.000000000000000
0.364364364364364 2.983488021608961 2.983488021608962 0.000000000000001
0.365365365365365 2.992460911161266 2.992460911161266 0.000000000000000
0.366366366366366 3.001460786827252 3.001460786827252 0.000000000000000
0.367367367367367 3.010487729768103 3.010487729768103 0.000000000000000
0.368368368368368 3.019541821389094 3.019541821389095 0.000000000000000
0.369369369369369 3.028623143340332 3.028623143340333 0.000000000000002
0.370370370370370 3.037731777517483 3.037731777517483 0.000000000000000
0.371371371371371 3.046867806062519 3.046867806062520 0.000000000000001
0.372372372372372 3.056031311364453 3.056031311364453 0.000000000000000
0.373373373373373 3.065222376060088 3.065222376060089 0.000000000000001
0.374374374374374 3.074441083034755 3.074441083034756 0.000000000000001
0.375375375375375 3.083687515423065 3.083687515423065 0.000000000000000
0.376376376376376 3.092961756609658 3.092961756609660 0.000000000000002
0.377377377377377 3.102263890229955 3.102263890229954 0.000000000000000
0.378378378378378 3.111594000170911 3.111594000170911 0.000000000000000
0.379379379379379 3.120952170571774 3.120952170571774 0.000000000000000
0.380380380380380 3.130338485824840 3.130338485824840 0.000000000000000
0.381381381381381 3.139753030576217 3.139753030576218 0.000000000000000
0.382382382382382 3.149195889726589 3.149195889726589 0.000000000000000
0.383383383383383 3.158667148431979 3.158667148431979 0.000000000000001
0.384384384384384 3.168166892104518 3.168166892104519 0.000000000000001
0.385385385385385 3.177695206413215 3.177695206413215 0.000000000000000
0.386386386386386 3.187252177284731 3.187252177284731 0.000000000000000
0.387387387387387 3.196837890904153 3.196837890904153 0.000000000000000
0.388388388388388 3.206452433715770 3.206452433715773 0.000000000000003
0.389389389389389 3.216095892423855 3.216095892423857 0.000000000000002
0.390390390390390 3.225768353993444 3.225768353993444 0.000000000000000
0.391391391391391 3.235469905651123 3.235469905651125 0.000000000000002
0.392392392392392 3.245200634885811 3.245200634885812 0.000000000000001
0.393393393393393 3.254960629449556 3.254960629449558 0.000000000000002
0.394394394394394 3.264749977358318 3.264749977358319 0.000000000000002
0.395395395395395 3.274568766892767 3.274568766892766 0.000000000000000
0.396396396396396 3.284417086599078 3.284417086599079 0.000000000000001
0.397397397397397 3.294295025289733 3.294295025289733 0.000000000000000
0.398398398398398 3.304202672044316 3.304202672044318 0.000000000000001
0.399399399399399 3.314140116210322 3.314140116210324 0.000000000000002
0.400400400400400 3.324107447403957 3.324107447403957 0.000000000000000
0.401401401401401 3.334104755510951 3.334104755510951 0.000000000000000
0.402402402402402 3.344132130687366 3.344132130687365 0.000000000000001
0.403403403403403 3.354189663360412 3.354189663360412 0.000000000000000
0.404404404404404 3.364277444229257 3.364277444229257 0.000000000000000
0.405405405405405 3.374395564265852 3.374395564265851 0.000000000000001
0.406406406406406 3.384544114715744 3.384544114715743 0.000000000000001
0.407407407407407 3.394723187098903 3.394723187098900 0.000000000000003
0.408408408408408 3.404932873210551 3.404932873210552 0.000000000000001
0.409409409409409 3.415173265121980 3.415173265121979 0.000000000000001
0.410410410410410 3.425444455181392 3.425444455181391 0.000000000000002
0.411411411411411 3.435746536014726 3.435746536014726 0.000000000000000
0.412412412412412 3.446079600526494 3.446079600526495 0.000000000000000
0.413413413413413 3.456443741900623 3.456443741900623 0.000000000000000
0.414414414414414 3.466839053601290 3.466839053601291 0.000000000000000
0.415415415415415 3.477265629373767 3.477265629373766 0.000000000000001
0.416416416416416 3.487723563245267 3.487723563245265 0.000000000000001
0.417417417417417 3.498212949525790 3.498212949525789 0.000000000000001
0.418418418418418 3.508733882808978 3.508733882808978 0.000000000000000
0.419419419419419 3.519286457972962 3.519286457972961 0.000000000000001
0.420420420420420 3.529870770181223 3.529870770181223 0.000000000000000
0.421421421421421 3.540486914883445 3.540486914883444 0.000000000000001
0.422422422422422 3.551134987816380 3.551134987816380 0.000000000000000
0.423423423423423 3.561815085004710 3.561815085004710 0.000000000000000
0.424424424424424 3.572527302761913 3.572527302761912 0.000000000000001
0.425425425425425 3.583271737691130 3.583271737691129 0.000000000000001
0.426426426426426 3.594048486686040 3.594048486686040 0.000000000000000
0.427427427427427 3.604857646931729 3.604857646931729 0.000000000000000
0.428428428428428 3.615699315905568 3.615699315905569 0.000000000000001
0.429429429429429 3.626573591378097 3.626573591378096 0.000000000000000
0.430430430430430 3.637480571413898 3.637480571413896 0.000000000000002
0.431431431431431 3.648420354372488 3.648420354372488 0.000000000000000
0.432432432432432 3.659393038909197 3.659393038909197 0.000000000000000
0.433433433433433 3.670398723976066 3.670398723976066 0.000000000000000
0.434434434434434 3.681437508822737 3.681437508822737 0.000000000000000
0.435435435435435 3.692509492997342 3.692509492997343 0.000000000000000
0.436436436436436 3.703614776347411 3.703614776347411 0.000000000000000
0.437437437437437 3.714753459020764 3.714753459020766 0.000000000000002
0.438438438438438 3.725925641466416 3.725925641466416 0.000000000000000
0.439439439439439 3.737131424435490 3.737131424435490 0.000000000000000
0.440440440440440 3.748370908982113 3.748370908982111 0.000000000000001
0.441441441441441 3.759644196464337 3.759644196464337 0.000000000000000
0.442442442442442 3.770951388545050 3.770951388545051 0.000000000000000
0.443443443443443 3.782292587192892 3.782292587192892 0.000000000000000
0.444444444444444 3.793667894683177 3.793667894683178 0.000000000000000
0.445445445445445 3.805077413598813 3.805077413598813 0.000000000000000
0.446446446446446 3.816521246831225 3.816521246831225 0.000000000000000
0.447447447447447 3.827999497581290 3.827999497581291 0.000000000000001
0.448448448448448 3.839512269360260 3.839512269360260 0.000000000000000
0.449449449449449 3.851059665990701 3.851059665990703 0.000000000000001
0.450450450450450 3.862641791607428 3.862641791607425 0.000000000000002
0.451451451451451 3.874258750658438 3.874258750658437 0.000000000000002
0.452452452452452 3.885910647905863 3.885910647905864 0.000000000000001
0.453453453453453 3.897597588426904 3.897597588426905 0.000000000000000
0.454454454454454 3.909319677614790 3.909319677614790 0.000000000000000
0.455455455455455 3.921077021179713 3.921077021179711 0.000000000000002
0.456456456456456 3.932869725149797 3.932869725149795 0.000000000000003
0.457457457457457 3.944697895872046 3.944697895872047 0.000000000000001
0.458458458458458 3.956561640013301 3.956561640013302 0.000000000000001
0.459459459459459 3.968461064561211 3.968461064561210 0.000000000000000
0.460460460460460 3.980396276825185 3.980396276825183 0.000000000000002
0.461461461461461 3.992367384437375 3.992367384437372 0.000000000000003
0.462462462462462 4.004374495353631 4.004374495353633 0.000000000000002
0.463463463463463 4.016417717854487 4.016417717854488 0.000000000000002
0.464464464464464 4.028497160546132 4.028497160546131 0.000000000000001
0.465465465465465 4.040612932361384 4.040612932361384 0.000000000000000
0.466466466466466 4.052765142560687 4.052765142560686 0.000000000000001
0.467467467467467 4.064953900733082 4.064953900733083 0.000000000000001
0.468468468468468 4.077179316797202 4.077179316797202 0.000000000000000
0.469469469469469 4.089441501002264 4.089441501002263 0.000000000000002
0.470470470470470 4.101740563929059 4.101740563929057 0.000000000000002
0.471471471471471 4.114076616490951 4.114076616490948 0.000000000000004
0.472472472472472 4.126449769934881 4.126449769934880 0.000000000000001
0.473473473473473 4.138860135842363 4.138860135842364 0.000000000000001
0.474474474474474 4.151307826130501 4.151307826130499 0.000000000000002
0.475475475475475 4.163792953052980 4.163792953052978 0.000000000000003
0.476476476476476 4.176315629201103 4.176315629201102 0.000000000000002
0.477477477477477 4.188875967504784 4.188875967504782 0.000000000000003
0.478478478478478 4.201474081233577 4.201474081233577 0.000000000000000
0.479479479479479 4.214110083997703 4.214110083997700 0.000000000000003
0.480480480480480 4.226784089749056 4.226784089749054 0.000000000000002
0.481481481481481 4.239496212782251 4.239496212782250 0.000000000000001
0.482482482482482 4.252246567735645 4.252246567735645 0.000000000000000
0.483483483483483 4.265035269592366 4.265035269592365 0.000000000000001
0.484484484484485 4.277862433681365 4.277862433681365 0.000000000000000
0.485485485485485 4.290728175678438 4.290728175678436 0.000000000000002
0.486486486486487 4.303632611607282 4.303632611607282 0.000000000000001
0.487487487487487 4.316575857840537 4.316575857840536 0.000000000000001
0.488488488488488 4.329558031100833 4.329558031100833 0.000000000000001
0.489489489489490 4.342579248461852 4.342579248461852 0.000000000000000
0.490490490490490 4.355639627349368 4.355639627349368 0.000000000000000
0.491491491491492 4.368739285542323 4.368739285542320 0.000000000000003
0.492492492492492 4.381878341173874 4.381878341173874 0.000000000000001
0.493493493493493 4.395056912732469 4.395056912732470 0.000000000000001
0.494494494494495 4.408275119062917 4.408275119062917 0.000000000000001
0.495495495495495 4.421533079367444 4.421533079367442 0.000000000000003
0.496496496496497 4.434830913206789 4.434830913206789 0.000000000000000
0.497497497497497 4.448168740501263 4.448168740501262 0.000000000000001
0.498498498498498 4.461546681531845 4.461546681531845 0.000000000000000
0.499499499499500 4.474964856941261 4.474964856941262 0.000000000000001
0.500500500500501 4.488423387735069 4.488423387735068 0.000000000000001
0.501501501501502 4.501922395282755 4.501922395282755 0.000000000000000
0.502502502502503 4.515462001318824 4.515462001318824 0.000000000000000
0.503503503503503 4.529042327943904 4.529042327943904 0.000000000000001
0.504504504504504 4.542663497625839 4.542663497625840 0.000000000000001
0.505505505505506 4.556325633200799 4.556325633200798 0.000000000000001
0.506506506506507 4.570028857874380 4.570028857874381 0.000000000000001
0.507507507507508 4.583773295222728 4.583773295222728 0.000000000000000
0.508508508508508 4.597559069193644 4.597559069193644 0.000000000000000
0.509509509509509 4.611386304107705 4.611386304107706 0.000000000000001
0.510510510510511 4.625255124659382 4.625255124659383 0.000000000000001
0.511511511511512 4.639165655918168 4.639165655918167 0.000000000000001
0.512512512512513 4.653118023329702 4.653118023329702 0.000000000000000
0.513513513513513 4.667112352716906 4.667112352716908 0.000000000000003
0.514514514514514 4.681148770281118 4.681148770281118 0.000000000000000
0.515515515515516 4.695227402603225 4.695227402603228 0.000000000000003
0.516516516516517 4.709348376644810 4.709348376644807 0.000000000000003
0.517517517517518 4.723511819749290 4.723511819749289 0.000000000000001
0.518518518518518 4.737717859643078 4.737717859643079 0.000000000000001
0.519519519519519 4.751966624436722 4.751966624436724 0.000000000000002
0.520520520520521 4.766258242626066 4.766258242626066 0.000000000000001
0.521521521521522 4.780592843093403 4.780592843093402 0.000000000000001
0.522522522522523 4.794970555108643 4.794970555108645 0.000000000000002
0.523523523523523 4.809391508330483 4.809391508330482 0.000000000000001
0.524524524524524 4.823855832807567 4.823855832807566 0.000000000000001
0.525525525525526 4.838363658979661 4.838363658979662 0.000000000000001
0.526526526526527 4.852915117678831 4.852915117678831 0.000000000000001
0.527527527527528 4.867510340130623 4.867510340130624 0.000000000000001
0.528528528528528 4.882149457955249 4.882149457955252 0.000000000000003
0.529529529529529 4.896832603168768 4.896832603168769 0.000000000000001
0.530530530530531 4.911559908184281 4.911559908184283 0.000000000000002
0.531531531531532 4.926331505813120 4.926331505813120 0.000000000000000
0.532532532532533 4.941147529266051 4.941147529266052 0.000000000000001
0.533533533533533 4.956008112154478 4.956008112154479 0.000000000000001
0.534534534534535 4.970913388491640 4.970913388491641 0.000000000000001
0.535535535535536 4.985863492693820 4.985863492693821 0.000000000000001
0.536536536536537 5.000858559581565 5.000858559581567 0.000000000000002
0.537537537537538 5.015898724380894 5.015898724380895 0.000000000000001
0.538538538538539 5.030984122724522 5.030984122724523 0.000000000000001
0.539539539539540 5.046114890653085 5.046114890653087 0.000000000000003
0.540540540540541 5.061291164616355 5.061291164616355 0.000000000000000
0.541541541541542 5.076513081474486 5.076513081474487 0.000000000000001
0.542542542542543 5.091780778499237 5.091780778499241 0.000000000000004
0.543543543543544 5.107094393375218 5.107094393375219 0.000000000000001
0.544544544544545 5.122454064201127 5.122454064201126 0.000000000000002
0.545545545545546 5.137859929490992 5.137859929490992 0.000000000000000
0.546546546546547 5.153312128175428 5.153312128175427 0.000000000000001
0.547547547547548 5.168810799602885 5.168810799602886 0.000000000000001
0.548548548548549 5.184356083540906 5.184356083540908 0.000000000000002
0.549549549549550 5.199948120177390 5.199948120177391 0.000000000000001
0.550550550550551 5.215587050121846 5.215587050121847 0.000000000000001
0.551551551551552 5.231273014406677 5.231273014406678 0.000000000000002
0.552552552552553 5.247006154488435 5.247006154488436 0.000000000000001
0.553553553553554 5.262786612249113 5.262786612249114 0.000000000000001
0.554554554554555 5.278614529997413 5.278614529997413 0.000000000000000
0.555555555555556 5.294490050470030 5.294490050470030 0.000000000000000
0.556556556556557 5.310413316832945 5.310413316832944 0.000000000000001
0.557557557557558 5.326384472682712 5.326384472682712 0.000000000000000
0.558558558558559 5.342403662047755 5.342403662047756 0.000000000000001
0.559559559559560 5.358471029389668 5.358471029389666 0.000000000000002
0.560560560560561 5.374586719604510 5.374586719604511 0.000000000000001
0.561561561561562 5.390750878024121 5.390750878024120 0.000000000000001
0.562562562562563 5.406963650417426 5.406963650417427 0.000000000000001
0.563563563563564 5.423225182991757 5.423225182991758 0.000000000000001
0.564564564564565 5.439535622394167 5.439535622394168 0.000000000000002
0.565565565565566 5.455895115712746 5.455895115712744 0.000000000000002
0.566566566566567 5.472303810477960 5.472303810477960 0.000000000000000
0.567567567567568 5.488761854663970 5.488761854663971 0.000000000000001
0.568568568568569 5.505269396689979 5.505269396689978 0.000000000000001
0.569569569569570 5.521826585421559 5.521826585421557 0.000000000000002
0.570570570570571 5.538433570171995 5.538433570171997 0.000000000000002
0.571571571571572 5.555090500703639 5.555090500703639 0.000000000000000
0.572572572572573 5.571797527229252 5.571797527229251 0.000000000000001
0.573573573573574 5.588554800413366 5.588554800413368 0.000000000000002
0.574574574574575 5.605362471373639 5.605362471373637 0.000000000000002
0.575575575575576 5.622220691682212 5.622220691682210 0.000000000000002
0.576576576576577 5.639129613367087 5.639129613367085 0.000000000000003
0.577577577577578 5.656089388913491 5.656089388913490 0.000000000000002
0.578578578578579 5.673100171265254 5.673100171265254 0.000000000000000
0.579579579579580 5.690162113826189 5.690162113826189 0.000000000000000
0.580580580580581 5.707275370461468 5.707275370461466 0.000000000000002
0.581581581581582 5.724440095499019 5.724440095499018 0.000000000000001
0.582582582582583 5.741656443730910 5.741656443730909 0.000000000000001
0.583583583583584 5.758924570414754 5.758924570414756 0.000000000000002
0.584584584584585 5.776244631275104 5.776244631275103 0.000000000000001
0.585585585585586 5.793616782504850 5.793616782504849 0.000000000000001
0.586586586586587 5.811041180766641 5.811041180766640 0.000000000000001
0.587587587587588 5.828517983194289 5.828517983194287 0.000000000000003
0.588588588588589 5.846047347394189 5.846047347394189 0.000000000000000
0.589589589589590 5.863629431446744 5.863629431446744 0.000000000000000
0.590590590590591 5.881264393907777 5.881264393907773 0.000000000000004
0.591591591591592 5.898952393809980 5.898952393809979 0.000000000000001
0.592592592592593 5.916693590664329 5.916693590664328 0.000000000000002
0.593593593593594 5.934488144461541 5.934488144461542 0.000000000000001
0.594594594594595 5.952336215673507 5.952336215673506 0.000000000000001
0.595595595595596 5.970237965254731 5.970237965254729 0.000000000000003
0.596596596596597 5.988193554643797 5.988193554643797 0.000000000000001
0.597597597597598 6.006203145764818 6.006203145764817 0.000000000000001
0.598598598598599 6.024266901028899 6.024266901028898 0.000000000000002
0.599599599599600 6.042384983335589 6.042384983335587 0.000000000000002
0.600600600600601 6.060557556074373 6.060557556074373 0.000000000000000
0.601601601601602 6.078784783126124 6.078784783126122 0.000000000000002
0.602602602602603 6.097066828864589 6.097066828864589 0.000000000000000
0.603603603603604 6.115403858157881 6.115403858157882 0.000000000000001
0.604604604604605 6.133796036369945 6.133796036369944 0.000000000000001
0.605605605605606 6.152243529362068 6.152243529362065 0.000000000000004
0.606606606606607 6.170746503494366 6.170746503494365 0.000000000000001
0.607607607607608 6.189305125627283 6.189305125627285 0.000000000000002
0.608608608608609 6.207919563123105 6.207919563123105 0.000000000000000
0.609609609609610 6.226589983847454 6.226589983847453 0.000000000000001
0.610610610610611 6.245316556170819 6.245316556170819 0.000000000000001
0.611611611611612 6.264099448970060 6.264099448970059 0.000000000000001
0.612612612612613 6.282938831629941 6.282938831629940 0.000000000000001
0.613613613613614 6.301834874044653 6.301834874044653 0.000000000000000
0.614614614614615 6.320787746619342 6.320787746619342 0.000000000000000
0.615615615615616 6.339797620271656 6.339797620271652 0.000000000000004
0.616616616616617 6.358864666433278 6.358864666433275 0.000000000000003
0.617617617617618 6.377989057051474 6.377989057051478 0.000000000000004
0.618618618618619 6.397170964590648 6.397170964590646 0.000000000000003
0.619619619619620 6.416410562033887 6.416410562033889 0.000000000000002
0.620620620620621 6.435708022884535 6.435708022884534 0.000000000000001
0.621621621621622 6.455063521167744 6.455063521167742 0.000000000000002
0.622622622622623 6.474477231432052 6.474477231432052 0.000000000000001
0.623623623623624 6.493949328750957 6.493949328750955 0.000000000000002
0.624624624624625 6.513479988724487 6.513479988724487 0.000000000000001
0.625625625625626 6.533069387480798 6.533069387480799 0.000000000000001
0.626626626626627 6.552717701677749 6.552717701677751 0.000000000000002
0.627627627627628 6.572425108504500 6.572425108504500 0.000000000000000
0.628628628628629 6.592191785683116 6.592191785683116 0.000000000000000
0.629629629629630 6.612017911470155 6.612017911470152 0.000000000000003
0.630630630630631 6.631903664658294 6.631903664658292 0.000000000000002
0.631631631631632 6.651849224577926 6.651849224577925 0.000000000000002
0.632632632632633 6.671854771098785 6.671854771098784 0.000000000000001
0.633633633633634 6.691920484631567 6.691920484631567 0.000000000000001
0.634634634634635 6.712046546129552 6.712046546129553 0.000000000000001
0.635635635635636 6.732233137090247 6.732233137090247 0.000000000000000
0.636636636636637 6.752480439557010 6.752480439557009 0.000000000000001
0.637637637637638 6.772788636120697 6.772788636120697 0.000000000000000
0.638638638638639 6.793157909921318 6.793157909921319 0.000000000000001
0.639639639639640 6.813588444649664 6.813588444649663 0.000000000000001
0.640640640640641 6.834080424548994 6.834080424548993 0.000000000000001
0.641641641641642 6.854634034416676 6.854634034416674 0.000000000000002
0.642642642642643 6.875249459605853 6.875249459605852 0.000000000000001
0.643643643643644 6.895926886027135 6.895926886027135 0.000000000000001
0.644644644644645 6.916666500150244 6.916666500150246 0.000000000000002
0.645645645645646 6.937468489005727 6.937468489005725 0.000000000000003
0.646646646646647 6.958333040186623 6.958333040186621 0.000000000000002
0.647647647647648 6.979260341850154 6.979260341850153 0.000000000000002
0.648648648648649 7.000250582719444 7.000250582719441 0.000000000000003
0.649649649649650 7.021303952085185 7.021303952085183 0.000000000000002
0.650650650650651 7.042420639807379 7.042420639807379 0.000000000000000
0.651651651651652 7.063600836317030 7.063600836317030 0.000000000000000
0.652652652652653 7.084844732617863 7.084844732617861 0.000000000000002
0.653653653653654 7.106152520288059 7.106152520288057 0.000000000000002
0.654654654654655 7.127524391481960 7.127524391481962 0.000000000000002
0.655655655655656 7.148960538931830 7.148960538931831 0.000000000000002
0.656656656656657 7.170461155949568 7.170461155949570 0.000000000000002
0.657657657657658 7.192026436428468 7.192026436428468 0.000000000000000
0.658658658658659 7.213656574844953 7.213656574844951 0.000000000000002
0.659659659659660 7.235351766260346 7.235351766260349 0.000000000000003
0.660660660660661 7.257112206322619 7.257112206322618 0.000000000000001
0.661661661661662 7.278938091268154 7.278938091268153 0.000000000000001
0.662662662662663 7.300829617923521 7.300829617923520 0.000000000000002
0.663663663663664 7.322786983707243 7.322786983707243 0.000000000000001
0.664664664664665 7.344810386631591 7.344810386631592 0.000000000000002
0.665665665665666 7.366900025304358 7.366900025304356 0.000000000000002
0.666666666666667 7.389056098930650 7.389056098930650 0.000000000000000
0.667667667667668 7.411278807314692 7.411278807314697 0.000000000000005
0.668668668668669 7.433568350861613 7.433568350861616 0.000000000000004
0.669669669669670 7.455924930579274 7.455924930579275 0.000000000000001
0.670670670670671 7.478348748080070 7.478348748080073 0.000000000000003
0.671671671671672 7.500840005582740 7.500840005582741 0.000000000000001
0.672672672672673 7.523398905914211 7.523398905914213 0.000000000000003
0.673673673673674 7.546025652511400 7.546025652511404 0.000000000000004
0.674674674674675 7.568720449423079 7.568720449423081 0.000000000000002
0.675675675675676 7.591483501311695 7.591483501311693 0.000000000000003
0.676676676676677 7.614315013455216 7.614315013455217 0.000000000000001
0.677677677677678 7.637215191748995 7.637215191748995 0.000000000000000
0.678678678678679 7.660184242707607 7.660184242707609 0.000000000000002
0.679679679679680 7.683222373466736 7.683222373466741 0.000000000000005
0.680680680680681 7.706329791785024 7.706329791785023 0.000000000000002
0.681681681681682 7.729506706045947 7.729506706045949 0.000000000000002
0.682682682682683 7.752753325259707 7.752753325259708 0.000000000000002
0.683683683683684 7.776069859065095 7.776069859065099 0.000000000000004
0.684684684684685 7.799456517731406 7.799456517731410 0.000000000000004
0.685685685685686 7.822913512160321 7.822913512160320 0.000000000000001
0.686686686686687 7.846441053887802 7.846441053887801 0.000000000000001
0.687687687687688 7.870039355086024 7.870039355086029 0.000000000000005
0.688688688688689 7.893708628565257 7.893708628565257 0.000000000000000
0.689689689689690 7.917449087775813 7.917449087775817 0.000000000000004
0.690690690690691 7.941260946809959 7.941260946809958 0.000000000000001
0.691691691691692 7.965144420403839 7.965144420403841 0.000000000000002
0.692692692692693 7.989099723939432 7.989099723939433 0.000000000000001
0.693693693693694 8.013127073446469 8.013127073446473 0.000000000000004
0.694694694694695 8.037226685604402 8.037226685604404 0.000000000000002
0.695695695695696 8.061398777744355 8.061398777744357 0.000000000000002
0.696696696696697 8.085643567851061 8.085643567851060 0.000000000000002
0.697697697697698 8.109961274564867 8.109961274564867 0.000000000000000
0.698698698698699 8.134352117183667 8.134352117183671 0.000000000000004
0.699699699699700 8.158816315664906 8.158816315664906 0.000000000000000
0.700700700700701 8.183354090627560 8.183354090627558 0.000000000000002
0.701701701701702 8.207965663354104 8.207965663354106 0.000000000000002
0.702702702702703 8.232651255792540 8.232651255792543 0.000000000000004
0.703703703703704 8.257411090558369 8.257411090558371 0.000000000000002
0.704704704704705 8.282245390936621 8.282245390936627 0.000000000000005
0.705705705705706 8.307154380883860 8.307154380883865 0.000000000000005
0.706706706706707 8.332138285030195 8.332138285030195 0.000000000000000
0.707707707707708 8.357197328681323 8.357197328681323 0.000000000000000
0.708708708708709 8.382331737820540 8.382331737820543 0.000000000000004
0.709709709709710 8.407541739110801 8.407541739110803 0.000000000000002
0.710710710710711 8.432827559896754 8.432827559896754 0.000000000000000
0.711711711711712 8.458189428206779 8.458189428206779 0.000000000000000
0.712712712712713 8.483627572755069 8.483627572755067 0.000000000000002
0.713713713713714 8.509142222943664 8.509142222943668 0.000000000000004
0.714714714714715 8.534733608864547 8.534733608864549 0.000000000000002
0.715715715715716 8.560401961301704 8.560401961301702 0.000000000000002
0.716716716716717 8.586147511733197 8.586147511733197 0.000000000000000
0.717717717717718 8.611970492333281 8.611970492333278 0.000000000000004
0.718718718718719 8.637871135974457 8.637871135974459 0.000000000000002
0.719719719719720 8.663849676229612 8.663849676229614 0.000000000000002
0.720720720720721 8.689906347374102 8.689906347374100 0.000000000000002
0.721721721721722 8.716041384387861 8.716041384387864 0.000000000000004
0.722722722722723 8.742255022957545 8.742255022957545 0.000000000000000
0.723723723723724 8.768547499478625 8.768547499478625 0.000000000000000
0.724724724724725 8.794919051057548 8.794919051057549 0.000000000000002
0.725725725725726 8.821369915513859 8.821369915513857 0.000000000000002
0.726726726726727 8.847900331382345 8.847900331382345 0.000000000000000
0.727727727727728 8.874510537915196 8.874510537915192 0.000000000000004
0.728728728728729 8.901200775084151 8.901200775084149 0.000000000000002
0.729729729729730 8.927971283582671 8.927971283582673 0.000000000000002
0.730730730730731 8.954822304828113 8.954822304828111 0.000000000000002
0.731731731731732 8.981754080963887 8.981754080963887 0.000000000000000
0.732732732732733 9.008766854861669 9.008766854861664 0.000000000000005
0.733733733733734 9.035860870123559 9.035860870123569 0.000000000000011
0.734734734734735 9.063036371084303 9.063036371084303 0.000000000000000
0.735735735735736 9.090293602813498 9.090293602813501 0.000000000000004
0.736736736736737 9.117632811117769 9.117632811117774 0.000000000000005
0.737737737737738 9.145054242543031 9.145054242543033 0.000000000000002
0.738738738738739 9.172558144376671 9.172558144376669 0.000000000000002
0.739739739739740 9.200144764649810 9.200144764649808 0.000000000000002
0.740740740740741 9.227814352139525 9.227814352139523 0.000000000000002
0.741741741741742 9.255567156371086 9.255567156371095 0.000000000000009
0.742742742742743 9.283403427620225 9.283403427620229 0.000000000000004
0.743743743743744 9.311323416915373 9.311323416915371 0.000000000000002
0.744744744744745 9.339327376039938 9.339327376039936 0.000000000000002
0.745745745745746 9.367415557534578 9.367415557534576 0.000000000000002
0.746746746746747 9.395588214699451 9.395588214699456 0.000000000000005
0.747747747747748 9.423845601596543 9.423845601596543 0.000000000000000
0.748748748748749 9.452187973051917 9.452187973051918 0.000000000000002
0.749749749749750 9.480615584658038 9.480615584658040 0.000000000000002
0.750750750750751 9.509128692776075 9.509128692776073 0.000000000000002
0.751751751751752 9.537727554538193 9.537727554538195 0.000000000000002
0.752752752752753 9.566412427849903 9.566412427849901 0.000000000000002
0.753753753753754 9.595183571392353 9.595183571392353 0.000000000000000
0.754754754754755 9.624041244624692 9.624041244624694 0.000000000000002
0.755755755755756 9.652985707786399 9.652985707786394 0.000000000000005
0.756756756756757 9.682017221899612 9.682017221899613 0.000000000000002
0.757757757757758 9.711136048771516 9.711136048771518 0.000000000000002
0.758758758758759 9.740342450996666 9.740342450996669 0.000000000000004
0.759759759759760 9.769636691959391 9.769636691959391 0.000000000000000
0.760760760760761 9.799019035836150 9.799019035836150 0.000000000000000
0.761761761761762 9.828489747597907 9.828489747597908 0.000000000000002
0.762762762762763 9.858049093012541 9.858049093012545 0.000000000000004
0.763763763763764 9.887697338647225 9.887697338647229 0.000000000000004
0.764764764764765 9.917434751870841 9.917434751870839 0.000000000000002
0.765765765765766 9.947261600856395 9.947261600856393 0.000000000000002
0.766766766766767 9.977178154583408 9.977178154583408 0.000000000000000
0.767767767767768 10.007184682840382 10.007184682840377 0.000000000000005
0.768768768768769 10.037281456227198 10.037281456227198 0.000000000000000
0.769769769769770 10.067468746157576 10.067468746157575 0.000000000000002
0.770770770770771 10.097746824861524 10.097746824861520 0.000000000000004
0.771771771771772 10.128115965387771 10.128115965387778 0.000000000000007
0.772772772772773 10.158576441606261 10.158576441606259 0.000000000000002
0.773773773773774 10.189128528210590 10.189128528210592 0.000000000000002
0.774774774774775 10.219772500720513 10.219772500720513 0.000000000000000
0.775775775775776 10.250508635484415 10.250508635484408 0.000000000000007
0.776776776776777 10.281337209681787 10.281337209681791 0.000000000000004
0.777777777777778 10.312258501325767 10.312258501325759 0.000000000000007
0.778778778778779 10.343272789265596 10.343272789265601 0.000000000000005
0.779779779779780 10.374380353189176 10.374380353189174 0.000000000000002
0.780780780780781 10.405581473625576 10.405581473625572 0.000000000000004
0.781781781781782 10.436876431947546 10.436876431947550 0.000000000000004
0.782782782782783 10.468265510374087 10.468265510374083 0.000000000000004
0.783783783783784 10.499748991972961 10.499748991972963 0.000000000000002
0.784784784784785 10.531327160663272 10.531327160663269 0.000000000000004
0.785785785785786 10.563000301218022 10.563000301218015 0.000000000000007
0.786786786786787 10.594768699266650 10.594768699266652 0.000000000000002
0.787787787787788 10.626632641297656 10.626632641297649 0.000000000000007
0.788788788788789 10.658592414661136 10.658592414661136 0.000000000000000
0.789789789789790 10.690648307571411 10.690648307571413 0.000000000000002
0.790790790790791 10.722800609109612 10.722800609109610 0.000000000000002
0.791791791791792 10.755049609226274 10.755049609226278 0.000000000000004
0.792792792792793 10.787395598743977 10.787395598743972 0.000000000000005
0.793793793793794 10.819838869359941 10.819838869359943 0.000000000000002
0.794794794794795 10.852379713648681 10.852379713648682 0.000000000000002
0.795795795795796 10.885018425064636 10.885018425064638 0.000000000000002
0.796796796796797 10.917755297944801 10.917755297944806 0.000000000000005
0.797797797797798 10.950590627511410 10.950590627511412 0.000000000000002
0.798798798798799 10.983524709874567 10.983524709874571 0.000000000000004
0.799799799799800 11.016557842034944 11.016557842034949 0.000000000000005
0.800800800800801 11.049690321886450 11.049690321886443 0.000000000000007
0.801801801801802 11.082922448218898 11.082922448218902 0.000000000000004
0.802802802802803 11.116254520720739 11.116254520720728 0.000000000000011
0.803803803803804 11.149686839981717 11.149686839981719 0.000000000000002
0.804804804804805 11.183219707495622 11.183219707495615 0.000000000000007
0.805805805805806 11.216853425662995 11.216853425662995 0.000000000000000
0.806806806806807 11.250588297793833 11.250588297793831 0.000000000000002
0.807807807807808 11.284424628110362 11.284424628110358 0.000000000000004
0.808808808808809 11.318362721749743 11.318362721749747 0.000000000000004
0.809809809809810 11.352402884766860 11.352402884766862 0.000000000000002
0.810810810810811 11.386545424137056 11.386545424137049 0.000000000000007
0.811811811811812 11.420790647758896 11.420790647758894 0.000000000000002
0.812812812812813 11.455138864456975 11.455138864456975 0.000000000000000
0.813813813813814 11.489590383984662 11.489590383984668 0.000000000000005
0.814814814814815 11.524145517026932 11.524145517026929 0.000000000000004
0.815815815815816 11.558804575203148 11.558804575203135 0.000000000000012
0.816816816816817 11.593567871069855 11.593567871069858 0.000000000000004
0.817817817817818 11.628435718123644 11.628435718123644 0.000000000000000
0.818818818818819 11.663408430803926 11.663408430803928 0.000000000000002
0.819819819819820 11.698486324495814 11.698486324495807 0.000000000000007
0.820820820820821 11.733669715532946 11.733669715532944 0.000000000000002
0.821821821821822 11.768958921200316 11.768958921200323 0.000000000000007
0.822822822822823 11.804354259737190 11.804354259737199 0.000000000000009
0.823823823823824 11.839856050339915 11.839856050339922 0.000000000000007
0.824824824824825 11.875464613164842 11.875464613164841 0.000000000000002
0.825825825825826 11.911180269331204 11.911180269331199 0.000000000000005
0.826826826826827 11.947003340923985 11.947003340923994 0.000000000000009
0.827827827827828 11.982934150996863 11.982934150996867 0.000000000000004
0.828828828828829 12.018973023575091 12.018973023575104 0.000000000000012
0.829829829829830 12.055120283658443 12.055120283658441 0.000000000000002
0.830830830830831 12.091376257224141 12.091376257224146 0.000000000000005
0.831831831831832 12.127741271229768 12.127741271229780 0.000000000000012
0.832832832832833 12.164215653616260 12.164215653616264 0.000000000000004
0.833833833833834 12.200799733310822 12.200799733310829 0.000000000000007
0.834834834834835 12.237493840229927 12.237493840229916 0.000000000000011
0.835835835835836 12.274298305282274 12.274298305282285 0.000000000000011
0.836836836836837 12.311213460371766 12.311213460371770 0.000000000000004
0.837837837837838 12.348239638400530 12.348239638400539 0.000000000000009
0.838838838838839 12.385377173271880 12.385377173271886 0.000000000000005
0.839839839839840 12.422626399893367 12.422626399893357 0.000000000000011
0.840840840840841 12.459987654179780 12.459987654179788 0.000000000000007
0.841841841841842 12.497461273056166 12.497461273056183 0.000000000000018
0.842842842842843 12.535047594460893 12.535047594460881 0.000000000000012
0.843843843843844 12.572746957348674 12.572746957348683 0.000000000000009
0.844844844844845 12.610559701693644 12.610559701693642 0.000000000000002
0.845845845845846 12.648486168492399 12.648486168492397 0.000000000000002
0.846846846846847 12.686526699767109 12.686526699767125 0.000000000000016
0.847847847847848 12.724681638568573 12.724681638568571 0.000000000000002
0.848848848848849 12.762951328979307 12.762951328979325 0.000000000000018
0.849849849849850 12.801336116116689 12.801336116116698 0.000000000000009
0.850850850850851 12.839836346136012 12.839836346136012 0.000000000000000
0.851851851851852 12.878452366233661 12.878452366233672 0.000000000000011
0.852852852852853 12.917184524650214 12.917184524650207 0.000000000000007
0.853853853853854 12.956033170673575 12.956033170673578 0.000000000000004
0.854854854854855 12.994998654642158 12.994998654642160 0.000000000000002
0.855855855855856 13.034081327948005 13.034081327948007 0.000000000000002
0.856856856856857 13.073281543039991 13.073281543039998 0.000000000000007
0.857857857857858 13.112599653426985 13.112599653426987 0.000000000000002
0.858858858858859 13.152036013681027 13.152036013681027 0.000000000000000
0.859859859859860 13.191590979440557 13.191590979440560 0.000000000000004
0.860860860860861 13.231264907413582 13.231264907413577 0.000000000000005
0.861861861861862 13.271058155380931 13.271058155380940 0.000000000000009
0.862862862862863 13.310971082199469 13.310971082199469 0.000000000000000
0.863863863863864 13.351004047805306 13.351004047805302 0.000000000000004
0.864864864864865 13.391157413217089 13.391157413217089 0.000000000000000
0.865865865865866 13.431431540539217 13.431431540539215 0.000000000000002
0.866866866866867 13.471826792965135 13.471826792965134 0.000000000000002
0.867867867867868 13.512343534780603 13.512343534780584 0.000000000000020
0.868868868868869 13.552982131366957 13.552982131366958 0.000000000000002
0.869869869869870 13.593742949204444 13.593742949204445 0.000000000000002
0.870870870870871 13.634626355875490 13.634626355875470 0.000000000000020
0.871871871871872 13.675632720068041 13.675632720068043 0.000000000000002
0.872872872872873 13.716762411578884 13.716762411578868 0.000000000000016
0.873873873873874 13.758015801316954 13.758015801316953 0.000000000000002
0.874874874874875 13.799393261306729 13.799393261306715 0.000000000000014
0.875875875875876 13.840895164691528 13.840895164691526 0.000000000000002
0.876876876876877 13.882521885736926 13.882521885736933 0.000000000000007
0.877877877877878 13.924273799834108 13.924273799834088 0.000000000000020
0.878878878878879 13.966151283503232 13.966151283503226 0.000000000000005
0.879879879879880 14.008154714396877 14.008154714396847 0.000000000000030
0.880880880880881 14.050284471303391 14.050284471303369 0.000000000000021
0.881881881881882 14.092540934150348 14.092540934150330 0.000000000000018
0.882882882882883 14.134924484007970 14.134924484007957 0.000000000000012
0.883883883883884 14.177435503092529 14.177435503092507 0.000000000000021
0.884884884884885 14.220074374769842 14.220074374769833 0.000000000000009
0.885885885885886 14.262841483558688 14.262841483558660 0.000000000000028
0.886886886886887 14.305737215134302 14.305737215134281 0.000000000000021
0.887887887887888 14.348761956331851 14.348761956331803 0.000000000000048
0.888888888888889 14.391916095149892 14.391916095149869 0.000000000000023
0.889889889889890 14.435200020753921 14.435200020753889 0.000000000000032
0.890890890890891 14.478614123479829 14.478614123479812 0.000000000000018
0.891891891891892 14.522158794837472 14.522158794837431 0.000000000000041
0.892892892892893 14.565834427514169 14.565834427514147 0.000000000000021
0.893893893893894 14.609641415378245 14.609641415378212 0.000000000000034
0.894894894894895 14.653580153482610 14.653580153482569 0.000000000000041
0.895895895895896 14.697651038068274 14.697651038068235 0.000000000000039
0.896896896896897 14.741854466567974 14.741854466567931 0.000000000000043
0.897897897897898 14.786190837609727 14.786190837609674 0.000000000000053
0.898898898898899 14.830660551020415 14.830660551020404 0.000000000000011
0.899899899899900 14.875264007829429 14.875264007829403 0.000000000000027
0.900900900900901 14.920001610272237 14.920001610272212 0.000000000000025
0.901901901901902 14.964873761794060 14.964873761794033 0.000000000000027
0.902902902902903 15.009880867053482 15.009880867053432 0.000000000000050
0.903903903903904 15.055023331926087 15.055023331926058 0.000000000000028
0.904904904904905 15.100301563508163 15.100301563508115 0.000000000000048
0.905905905905906 15.145715970120319 15.145715970120261 0.000000000000059
0.906906906906907 15.191266961311220 15.191266961311205 0.000000000000014
0.907907907907908 15.236954947861248 15.236954947861204 0.000000000000044
0.908908908908909 15.282780341786204 15.282780341786104 0.000000000000099
0.909909909909910 15.328743556341035 15.328743556341026 0.000000000000009
0.910910910910911 15.374845006023568 15.374845006023497 0.000000000000071
0.911911911911912 15.421085106578238 15.421085106578190 0.000000000000048
0.912912912912913 15.467464274999841 15.467464274999781 0.000000000000060
0.913913913913914 15.513982929537278 15.513982929537166 0.000000000000112
0.914914914914915 15.560641489697343 15.560641489697320 0.000000000000023
0.915915915915916 15.607440376248517 15.607440376248471 0.000000000000046
0.916916916916917 15.654380011224740 15.654380011224713 0.000000000000027
0.917917917917918 15.701460817929233 15.701460817929155 0.000000000000078
0.918918918918919 15.748683220938299 15.748683220938245 0.000000000000053
0.919919919919920 15.796047646105155 15.796047646105118 0.000000000000037
0.920920920920921 15.843554520563798 15.843554520563783 0.000000000000014
0.921921921921922 15.891204272732827 15.891204272732780 0.000000000000046
0.922922922922923 15.938997332319326 15.938997332319305 0.000000000000021
0.923923923923924 15.986934130322716 15.986934130322664 0.000000000000052
0.924924924924925 16.035015099038652 16.035015099038624 0.000000000000028
0.925925925925926 16.083240672062946 16.083240672062907 0.000000000000039
0.926926926926927 16.131611284295445 16.131611284295413 0.000000000000032
0.927927927927928 16.180127371943975 16.180127371943911 0.000000000000064
0.928928928928929 16.228789372528244 16.228789372528219 0.000000000000025
0.929929929929930 16.277597724883812 16.277597724883776 0.000000000000036
0.930930930930931 16.326552869166061 16.326552869166044 0.000000000000018
0.931931931931932 16.375655246854134 16.375655246854137 0.000000000000004
0.932932932932933 16.424905300754943 16.424905300754929 0.000000000000014
0.933933933933934 16.474303475007133 16.474303475007119 0.000000000000014
0.934934934934935 16.523850215085101 16.523850215085108 0.000000000000007
0.935935935935936 16.573545967803028 16.573545967803014 0.000000000000014
0.936936936936937 16.623391181318897 16.623391181318922 0.000000000000025
0.937937937937938 16.673386305138539 16.673386305138532 0.000000000000007
0.938938938938939 16.723531790119655 16.723531790119672 0.000000000000018
0.939939939939940 16.773828088475923 16.773828088475963 0.000000000000039
0.940940940940941 16.824275653781068 16.824275653781125 0.000000000000057
0.941941941941942 16.874874940972944 16.874874940972987 0.000000000000043
0.942942942942943 16.925626406357633 16.925626406357683 0.000000000000050
0.943943943943944 16.976530507613564 16.976530507613568 0.000000000000004
0.944944944944945 17.027587703795632 17.027587703795735 0.000000000000103
0.945945945945946 17.078798455339374 17.078798455339498 0.000000000000124
0.946946946946947 17.130163224065068 17.130163224065260 0.000000000000192
0.947947947947948 17.181682473181951 17.181682473182018 0.000000000000068
0.948948948948949 17.233356667292345 17.233356667292469 0.000000000000124
0.949949949949950 17.285186272395869 17.285186272395908 0.000000000000039
0.950950950950951 17.337171755893660 17.337171755893660 0.000000000000000
0.951951951951952 17.389313586592575 17.389313586592611 0.000000000000036
0.952952952952953 17.441612234709407 17.441612234709531 0.000000000000124
0.953953953953954 17.494068171875124 17.494068171875252 0.000000000000128
0.954954954954955 17.546681871139139 17.546681871139150 0.000000000000011
0.955955955955956 17.599453806973575 17.599453806973752 0.000000000000178
0.956956956956957 17.652384455277534 17.652384455277577 0.000000000000043
0.957957957957958 17.705474293381400 17.705474293381592 0.000000000000192
0.958958958958959 17.758723800051122 17.758723800051300 0.000000000000178
0.959959959959960 17.812133455492543 17.812133455492742 0.000000000000199
0.960960960960961 17.865703741355748 17.865703741355915 0.000000000000167
0.961961961961962 17.919435140739392 17.919435140739601 0.000000000000210
0.962962962962963 17.973328138195050 17.973328138195189 0.000000000000139
0.963963963963964 18.027383219731593 18.027383219731892 0.000000000000298
0.964964964964965 18.081600872819568 18.081600872819756 0.000000000000188
0.965965965965966 18.135981586395609 18.135981586395516 0.000000000000092
0.966966966966967 18.190525850866830 18.190525850866930 0.000000000000099
0.967967967967968 18.245234158115260 18.245234158115675 0.000000000000416
0.968968968968969 18.300107001502255 18.300107001502859 0.000000000000604
0.969969969969970 18.355144875872966 18.355144875873158 0.000000000000192
0.970970970970971 18.410348277560811 18.410348277560729 0.000000000000082
0.971971971971972 18.465717704391935 18.465717704392382 0.000000000000448
0.972972972972973 18.521253655689719 18.521253655689932 0.000000000000213
0.973973973973974 18.576956632279213 18.576956632279316 0.000000000000103
0.974974974974975 18.632827136491763 18.632827136492217 0.000000000000455
0.975975975975976 18.688865672169463 18.688865672169779 0.000000000000316
0.976976976976977 18.745072744669724 18.745072744670374 0.000000000000650
0.977977977977978 18.801448860869840 18.801448860869876 0.000000000000036
0.978978978978979 18.857994529171503 18.857994529171663 0.000000000000160
0.979979979979980 18.914710259505480 18.914710259505778 0.000000000000298
0.980980980980981 18.971596563336139 18.971596563336504 0.000000000000366
0.981981981981982 19.028653953666097 19.028653953666741 0.000000000000643
0.982982982982983 19.085882945040844 19.085882945041124 0.000000000000281
0.983983983983984 19.143284053553327 19.143284053554321 0.000000000000995
0.984984984984985 19.200857796848695 19.200857796848908 0.000000000000213
0.985985985985986 19.258604694128920 19.258604694128778 0.000000000000142
0.986986986986987 19.316525266157466 19.316525266158234 0.000000000000767
0.987987987987988 19.374620035264037 19.374620035264481 0.000000000000444
0.988988988988989 19.432889525349179 19.432889525349545 0.000000000000366
0.989989989989990 19.491334261889151 19.491334261889726 0.000000000000576
0.990990990990991 19.549954771940559 19.549954771940968 0.000000000000409
0.991991991991992 19.608751584145143 19.608751584145690 0.000000000000547
0.992992992992993 19.667725228734565 19.667725228734902 0.000000000000338
0.993993993993994 19.726876237535109 19.726876237535517 0.000000000000409
0.994994994994995 19.786205143972591 19.786205143972886 0.000000000000295
0.995995995995996 19.845712483077094 19.845712483077378 0.000000000000284
0.996996996996997 19.905398791487812 19.905398791487912 0.000000000000099
0.997997997997998 19.965264607457918 19.965264607457996 0.000000000000078
0.998998998998999 20.025310470859321 20.025310470859392 0.000000000000071
1.000000000000000 20.085536923187668 20.085536923187668 0.000000000000000
